323124374390276293202631264454129945831
323124374390276293202631264454129945963
323124374390276293202631264454129946029
323124374390276293202631264454129946179
323124374390276293202631264454129946341
323124374390276293202631264454129946473
323124374390276293202631264454129946593
323124374390276293202631264454129946723
323124374390276293202631264454129946839
323124374390276293202631264454129946849
323124374390276293202631264454129946981
323124374390276293202631264454129946987
323124374390276293202631264454129947037
323124374390276293202631264454129947113
323124374390276293202631264454129947163
323124374390276293202631264454129947227
323124374390276293202631264454129947371
323124374390276293202631264454129947427
323124374390276293202631264454129947667
323124374390276293202631264454129947671
323124374390276293202631264454129947979
323124374390276293202631264454129948121
323124374390276293202631264454129948207
323124374390276293202631264454129948361
323124374390276293202631264454129948457
323124374390276293202631264454129948489
323124374390276293202631264454129948591
323124374390276293202631264454129948627
323124374390276293202631264454129948729
323124374390276293202631264454129948763
323124374390276293202631264454129948981
323124374390276293202631264454129949053
323124374390276293202631264454129949243
323124374390276293202631264454129949257
323124374390276293202631264454129949269
323124374390276293202631264454129949299
323124374390276293202631264454129949309
323124374390276293202631264454129949521
323124374390276293202631264454129949561
323124374390276293202631264454129949621
323124374390276293202631264454129949681
323124374390276293202631264454129949687
323124374390276293202631264454129949773
323124374390276293202631264454129949869
323124374390276293202631264454129949879
323124374390276293202631264454129949891
323124374390276293202631264454129949959
323124374390276293202631264454129950073
323124374390276293202631264454129950083
323124374390276293202631264454129950331
323124374390276293202631264454129950349
323124374390276293202631264454129950353
323124374390276293202631264454129950421
323124374390276293202631264454129950619
323124374390276293202631264454129950727
323124374390276293202631264454129950811
323124374390276293202631264454129951003
323124374390276293202631264454129951081
323124374390276293202631264454129951129
323124374390276293202631264454129951249
323124374390276293202631264454129951301
323124374390276293202631264454129951303
323124374390276293202631264454129951531
323124374390276293202631264454129951627
323124374390276293202631264454129951663
323124374390276293202631264454129951727
323124374390276293202631264454129951751
323124374390276293202631264454129951847
323124374390276293202631264454129951943
323124374390276293202631264454129951957
323124374390276293202631264454129952057
323124374390276293202631264454129952137
323124374390276293202631264454129952221
323124374390276293202631264454129952227
323124374390276293202631264454129952369
323124374390276293202631264454129952371
323124374390276293202631264454129952477
323124374390276293202631264454129952497
323124374390276293202631264454129952501
323124374390276293202631264454129952579
323124374390276293202631264454129952591
323124374390276293202631264454129952669
323124374390276293202631264454129952851
323124374390276293202631264454129952911
323124374390276293202631264454129953019
323124374390276293202631264454129953187
323124374390276293202631264454129953193
323124374390276293202631264454129953233
323124374390276293202631264454129953383
323124374390276293202631264454129953449
323124374390276293202631264454129953473
323124374390276293202631264454129953571
323124374390276293202631264454129953587
323124374390276293202631264454129953811
323124374390276293202631264454129953923
323124374390276293202631264454129953959
323124374390276293202631264454129954037
323124374390276293202631264454129954157
323124374390276293202631264454129954219
323124374390276293202631264454129954363
323124374390276293202631264454129954619
323124374390276293202631264454129954643
323124374390276293202631264454129954867
323124374390276293202631264454129954909
323124374390276293202631264454129955087
323124374390276293202631264454129955111
323124374390276293202631264454129955227
323124374390276293202631264454129955359
323124374390276293202631264454129955401
323124374390276293202631264454129955471
323124374390276293202631264454129955539
323124374390276293202631264454129955569
323124374390276293202631264454129955639
323124374390276293202631264454129956031
323124374390276293202631264454129956053
323124374390276293202631264454129956073
323124374390276293202631264454129956131
323124374390276293202631264454129956133
323124374390276293202631264454129956157
323124374390276293202631264454129956277
323124374390276293202631264454129956449
323124374390276293202631264454129956469
323124374390276293202631264454129956479
323124374390276293202631264454129956491
323124374390276293202631264454129956571
323124374390276293202631264454129956593
323124374390276293202631264454129956673
323124374390276293202631264454129956743
323124374390276293202631264454129956809
323124374390276293202631264454129956823
323124374390276293202631264454129956871
323124374390276293202631264454129956991
323124374390276293202631264454129957193
323124374390276293202631264454129957201
323124374390276293202631264454129957261
323124374390276293202631264454129957367
323124374390276293202631264454129957439
323124374390276293202631264454129957531
323124374390276293202631264454129957633
323124374390276293202631264454129957669
323124374390276293202631264454129957699
323124374390276293202631264454129957729
323124374390276293202631264454129957759
323124374390276293202631264454129958087
323124374390276293202631264454129958161
323124374390276293202631264454129958387
323124374390276293202631264454129958513
323124374390276293202631264454129958663
323124374390276293202631264454129958833
323124374390276293202631264454129958867
323124374390276293202631264454129959001
323124374390276293202631264454129959053
323124374390276293202631264454129959229
323124374390276293202631264454129959277
323124374390276293202631264454129959313
323124374390276293202631264454129959323
323124374390276293202631264454129959407
323124374390276293202631264454129959533
323124374390276293202631264454129959571
323124374390276293202631264454129959641
323124374390276293202631264454129959743
323124374390276293202631264454129959787
323124374390276293202631264454129959811
323124374390276293202631264454129959823
323124374390276293202631264454129959911
323124374390276293202631264454129959917
323124374390276293202631264454129960027
323124374390276293202631264454129960091
323124374390276293202631264454129960181
323124374390276293202631264454129960219
323124374390276293202631264454129960363
323124374390276293202631264454129960447
323124374390276293202631264454129960651
323124374390276293202631264454129960853
323124374390276293202631264454129961201
323124374390276293202631264454129961213
323124374390276293202631264454129961429
323124374390276293202631264454129961437
323124374390276293202631264454129961443
323124374390276293202631264454129961489
323124374390276293202631264454129961579
323124374390276293202631264454129961671
323124374390276293202631264454129961701
323124374390276293202631264454129961717
323124374390276293202631264454129961807
323124374390276293202631264454129962059
323124374390276293202631264454129962097
323124374390276293202631264454129962269
323124374390276293202631264454129962347
323124374390276293202631264454129962367
323124374390276293202631264454129962427
323124374390276293202631264454129962479
323124374390276293202631264454129962521
323124374390276293202631264454129962611
323124374390276293202631264454129962739
323124374390276293202631264454129962767
323124374390276293202631264454129962973
323124374390276293202631264454129963007
323124374390276293202631264454129963049
323124374390276293202631264454129963051
323124374390276293202631264454129963093
323124374390276293202631264454129963147
323124374390276293202631264454129963171
323124374390276293202631264454129963379
323124374390276293202631264454129963393
323124374390276293202631264454129963441
323124374390276293202631264454129963453
323124374390276293202631264454129963567
323124374390276293202631264454129963571
323124374390276293202631264454129963603
323124374390276293202631264454129963613
323124374390276293202631264454129963669
323124374390276293202631264454129963751
323124374390276293202631264454129963787
323124374390276293202631264454129963849
323124374390276293202631264454129963861
323124374390276293202631264454129964059
323124374390276293202631264454129964173
323124374390276293202631264454129964213
323124374390276293202631264454129964267
323124374390276293202631264454129964327
323124374390276293202631264454129964561
323124374390276293202631264454129964629
323124374390276293202631264454129964659
323124374390276293202631264454129964681
323124374390276293202631264454129964753
323124374390276293202631264454129964797
323124374390276293202631264454129964897
323124374390276293202631264454129965107
323124374390276293202631264454129965131
323124374390276293202631264454129965137
323124374390276293202631264454129965317
323124374390276293202631264454129965349
323124374390276293202631264454129965389
323124374390276293202631264454129965403
323124374390276293202631264454129965667
323124374390276293202631264454129965779
323124374390276293202631264454129965913
323124374390276293202631264454129965923
323124374390276293202631264454129965941
323124374390276293202631264454129965943
323124374390276293202631264454129966189
323124374390276293202631264454129966271
323124374390276293202631264454129966357
323124374390276293202631264454129966363
323124374390276293202631264454129966547
323124374390276293202631264454129966579
323124374390276293202631264454129966781
323124374390276293202631264454129966921
323124374390276293202631264454129966951
323124374390276293202631264454129967093
323124374390276293202631264454129967137
323124374390276293202631264454129967197
323124374390276293202631264454129967293
323124374390276293202631264454129967333
323124374390276293202631264454129967597
323124374390276293202631264454129967629
323124374390276293202631264454129967671
323124374390276293202631264454129967761
323124374390276293202631264454129967779
323124374390276293202631264454129967977
323124374390276293202631264454129968077
323124374390276293202631264454129968127
323124374390276293202631264454129968241
323124374390276293202631264454129968449
323124374390276293202631264454129968451
323124374390276293202631264454129968583
323124374390276293202631264454129968649
323124374390276293202631264454129968661
323124374390276293202631264454129968703
323124374390276293202631264454129968779
323124374390276293202631264454129968877
323124374390276293202631264454129969049
323124374390276293202631264454129969087
323124374390276293202631264454129969183
323124374390276293202631264454129969301
323124374390276293202631264454129969339
323124374390276293202631264454129969363
323124374390276293202631264454129969459
323124374390276293202631264454129969471
323124374390276293202631264454129969483
323124374390276293202631264454129969639
323124374390276293202631264454129969879
323124374390276293202631264454129969979
323124374390276293202631264454129970149
323124374390276293202631264454129970179
323124374390276293202631264454129970329
323124374390276293202631264454129970351
323124374390276293202631264454129970429
323124374390276293202631264454129970581
323124374390276293202631264454129970627
323124374390276293202631264454129970663
323124374390276293202631264454129970707
323124374390276293202631264454129970723
323124374390276293202631264454129970779
323124374390276293202631264454129970897
323124374390276293202631264454129970929
323124374390276293202631264454129970959
323124374390276293202631264454129971029
323124374390276293202631264454129971169
323124374390276293202631264454129971193
323124374390276293202631264454129971289
323124374390276293202631264454129971347
323124374390276293202631264454129971353
323124374390276293202631264454129971439
323124374390276293202631264454129971517
323124374390276293202631264454129971557
323124374390276293202631264454129971871
323124374390276293202631264454129971887
323124374390276293202631264454129971907
323124374390276293202631264454129971947
323124374390276293202631264454129972073
323124374390276293202631264454129972723
323124374390276293202631264454129972873
323124374390276293202631264454129972937
323124374390276293202631264454129972993
323124374390276293202631264454129973047
323124374390276293202631264454129973267
323124374390276293202631264454129973437
323124374390276293202631264454129973551
323124374390276293202631264454129973591
323124374390276293202631264454129973627
323124374390276293202631264454129973677
323124374390276293202631264454129974137
323124374390276293202631264454129974373
323124374390276293202631264454129974391
323124374390276293202631264454129974491
323124374390276293202631264454129974511
323124374390276293202631264454129974541
323124374390276293202631264454129974589
323124374390276293202631264454129974593
323124374390276293202631264454129974629
323124374390276293202631264454129974793
323124374390276293202631264454129974971
323124374390276293202631264454129975021
323124374390276293202631264454129975087
323124374390276293202631264454129975127
323124374390276293202631264454129975139
323124374390276293202631264454129975141
323124374390276293202631264454129975247
323124374390276293202631264454129975303
323124374390276293202631264454129975489
323124374390276293202631264454129975541
323124374390276293202631264454129975583
323124374390276293202631264454129975811
323124374390276293202631264454129975933
323124374390276293202631264454129975951
323124374390276293202631264454129976081
323124374390276293202631264454129976083
323124374390276293202631264454129976231
323124374390276293202631264454129976339
323124374390276293202631264454129976581
323124374390276293202631264454129976591
323124374390276293202631264454129976641
323124374390276293202631264454129976713
323124374390276293202631264454129976773
323124374390276293202631264454129976833
323124374390276293202631264454129977107
323124374390276293202631264454129977257
323124374390276293202631264454129977259
323124374390276293202631264454129977277
323124374390276293202631264454129977383
323124374390276293202631264454129977401
323124374390276293202631264454129977497
323124374390276293202631264454129977593
323124374390276293202631264454129977659
323124374390276293202631264454129977721
323124374390276293202631264454129977767
323124374390276293202631264454129977977
323124374390276293202631264454129977997
323124374390276293202631264454129978337
323124374390276293202631264454129978363
323124374390276293202631264454129978403
323124374390276293202631264454129978481
323124374390276293202631264454129978573
323124374390276293202631264454129978709
323124374390276293202631264454129978751
323124374390276293202631264454129978771
323124374390276293202631264454129978877
323124374390276293202631264454129978909
323124374390276293202631264454129979089
323124374390276293202631264454129979167
323124374390276293202631264454129979227
323124374390276293202631264454129979249
323124374390276293202631264454129979377
323124374390276293202631264454129979381
323124374390276293202631264454129979447
323124374390276293202631264454129979609
323124374390276293202631264454129979629
323124374390276293202631264454129979639
323124374390276293202631264454129979713
323124374390276293202631264454129979903
323124374390276293202631264454129979947
323124374390276293202631264454129979957
323124374390276293202631264454129979993
323124374390276293202631264454129979999
323124374390276293202631264454129980137
323124374390276293202631264454129980167
323124374390276293202631264454129980211
323124374390276293202631264454129980269
323124374390276293202631264454129980301
323124374390276293202631264454129980449
323124374390276293202631264454129980451
323124374390276293202631264454129980529
323124374390276293202631264454129980643
323124374390276293202631264454129980707
323124374390276293202631264454129980869
323124374390276293202631264454129980913
323124374390276293202631264454129981039
323124374390276293202631264454129981081
323124374390276293202631264454129981159
323124374390276293202631264454129981237
323124374390276293202631264454129981387
323124374390276293202631264454129981439
323124374390276293202631264454129981609
323124374390276293202631264454129981673
323124374390276293202631264454129981723
323124374390276293202631264454129981853
323124374390276293202631264454129981867
323124374390276293202631264454129981883
323124374390276293202631264454129982119
323124374390276293202631264454129982251
323124374390276293202631264454129982321
323124374390276293202631264454129982329
323124374390276293202631264454129982341
323124374390276293202631264454129982483
323124374390276293202631264454129982491
323124374390276293202631264454129982519
323124374390276293202631264454129982597
323124374390276293202631264454129982659
323124374390276293202631264454129982713
323124374390276293202631264454129982791
323124374390276293202631264454129982887
323124374390276293202631264454129982917
323124374390276293202631264454129982957
323124374390276293202631264454129983233
323124374390276293202631264454129983269
323124374390276293202631264454129983373
323124374390276293202631264454129983463
323124374390276293202631264454129983491
323124374390276293202631264454129983583
323124374390276293202631264454129983697
323124374390276293202631264454129983767
323124374390276293202631264454129983773
323124374390276293202631264454129983809
323124374390276293202631264454129983877
323124374390276293202631264454129984007
323124374390276293202631264454129984117
323124374390276293202631264454129984147
323124374390276293202631264454129984261
323124374390276293202631264454129984471
323124374390276293202631264454129984487
323124374390276293202631264454129984537
323124374390276293202631264454129984733
323124374390276293202631264454129984777
323124374390276293202631264454129984793
323124374390276293202631264454129984891
323124374390276293202631264454129984907
323124374390276293202631264454129984973
323124374390276293202631264454129984999
323124374390276293202631264454129985039
323124374390276293202631264454129985057
323124374390276293202631264454129985059
323124374390276293202631264454129985107
323124374390276293202631264454129985333
323124374390276293202631264454129985351
323124374390276293202631264454129985377
323124374390276293202631264454129985573
323124374390276293202631264454129985639
323124374390276293202631264454129985641
323124374390276293202631264454129985647
323124374390276293202631264454129985657
323124374390276293202631264454129985753
323124374390276293202631264454129985761
323124374390276293202631264454129985873
323124374390276293202631264454129985977
323124374390276293202631264454129985981
323124374390276293202631264454129986097
323124374390276293202631264454129986269
323124374390276293202631264454129986319
323124374390276293202631264454129986403
323124374390276293202631264454129986503
323124374390276293202631264454129986553
323124374390276293202631264454129986571
323124374390276293202631264454129986731
323124374390276293202631264454129986857
323124374390276293202631264454129987309
323124374390276293202631264454129987447
323124374390276293202631264454129987517
323124374390276293202631264454129987549
323124374390276293202631264454129987559
323124374390276293202631264454129987693
323124374390276293202631264454129987967
323124374390276293202631264454129988189
323124374390276293202631264454129988281
323124374390276293202631264454129988447
323124374390276293202631264454129988483
323124374390276293202631264454129988567
323124374390276293202631264454129988887
323124374390276293202631264454129988921
323124374390276293202631264454129989401
323124374390276293202631264454129989457
323124374390276293202631264454129989733
323124374390276293202631264454129989803
323124374390276293202631264454129989833
323124374390276293202631264454129989857
323124374390276293202631264454129990087
323124374390276293202631264454129990169
323124374390276293202631264454129990217
323124374390276293202631264454129990237
323124374390276293202631264454129990303
323124374390276293202631264454129990451
323124374390276293202631264454129990487
323124374390276293202631264454129990541
323124374390276293202631264454129990633
323124374390276293202631264454129990769
323124374390276293202631264454129990853
323124374390276293202631264454129990877
323124374390276293202631264454129991143
323124374390276293202631264454129991189
323124374390276293202631264454129991381
323124374390276293202631264454129991593
323124374390276293202631264454129991687
323124374390276293202631264454129991879
323124374390276293202631264454129991983
323124374390276293202631264454129992059
323124374390276293202631264454129992061
323124374390276293202631264454129992067
323124374390276293202631264454129992121
323124374390276293202631264454129992163
323124374390276293202631264454129992209
323124374390276293202631264454129992377
323124374390276293202631264454129992517
323124374390276293202631264454129992631
323124374390276293202631264454129992803
323124374390276293202631264454129992829
323124374390276293202631264454129992901
323124374390276293202631264454129992961
323124374390276293202631264454129993067
323124374390276293202631264454129993177
323124374390276293202631264454129993229
323124374390276293202631264454129993289
323124374390276293202631264454129993319
323124374390276293202631264454129993343
323124374390276293202631264454129993361
323124374390276293202631264454129993387
323124374390276293202631264454129993391
323124374390276293202631264454129993507
323124374390276293202631264454129993639
323124374390276293202631264454129993669
323124374390276293202631264454129993697
323124374390276293202631264454129993819
323124374390276293202631264454129993829
323124374390276293202631264454129993861
323124374390276293202631264454129994221
323124374390276293202631264454129994249
323124374390276293202631264454129994329
323124374390276293202631264454129994459
323124374390276293202631264454129994557
323124374390276293202631264454129994587
323124374390276293202631264454129994627
323124374390276293202631264454129994659
323124374390276293202631264454129994741
323124374390276293202631264454129994833
323124374390276293202631264454129995091
323124374390276293202631264454129995137
323124374390276293202631264454129995173
323124374390276293202631264454129995323
323124374390276293202631264454129995533
323124374390276293202631264454129995613
323124374390276293202631264454129995767
323124374390276293202631264454129995881
323124374390276293202631264454129995883
323124374390276293202631264454129995973
323124374390276293202631264454129996153
323124374390276293202631264454129996279
323124374390276293202631264454129996343
323124374390276293202631264454129996349
323124374390276293202631264454129996507
323124374390276293202631264454129996849
323124374390276293202631264454129996861
323124374390276293202631264454129996897
323124374390276293202631264454129996927
323124374390276293202631264454129996973
323124374390276293202631264454129997041
323124374390276293202631264454129997161
323124374390276293202631264454129997171
323124374390276293202631264454129997219
323124374390276293202631264454129997371
323124374390276293202631264454129997623
323124374390276293202631264454129997641
323124374390276293202631264454129997657
323124374390276293202631264454129997699
323124374390276293202631264454129997987
323124374390276293202631264454129998001
323124374390276293202631264454129998127
323124374390276293202631264454129998193
323124374390276293202631264454129998227
323124374390276293202631264454129998257
323124374390276293202631264454129998281
323124374390276293202631264454129998407
323124374390276293202631264454129998661
323124374390276293202631264454129998697
323124374390276293202631264454129998731
323124374390276293202631264454129998781
323124374390276293202631264454129998803
323124374390276293202631264454129998977
323124374390276293202631264454129999051
323124374390276293202631264454129999081
323124374390276293202631264454129999297
323124374390276293202631264454129999433
323124374390276293202631264454129999589
323124374390276293202631264454129999697
323124374390276293202631264454129999747
323124374390276293202631264454129999921
323124374390276293202631264454129999937
323124374390276293202631264454129999961
323124374390276293202631264454129999969
323124374390276293202631264454130000249
323124374390276293202631264454130000711
323124374390276293202631264454130000759
323124374390276293202631264454130000951
323124374390276293202631264454130000959
323124374390276293202631264454130001031
323124374390276293202631264454130001199
323124374390276293202631264454130001217
323124374390276293202631264454130001257
323124374390276293202631264454130001449
323124374390276293202631264454130001473
323124374390276293202631264454130001787
323124374390276293202631264454130001833
323124374390276293202631264454130001859
323124374390276293202631264454130001887
323124374390276293202631264454130002049
323124374390276293202631264454130002069
323124374390276293202631264454130002081
323124374390276293202631264454130002093
323124374390276293202631264454130002099
323124374390276293202631264454130002399
323124374390276293202631264454130002471
323124374390276293202631264454130002483
323124374390276293202631264454130002511
323124374390276293202631264454130002553
323124374390276293202631264454130002651
323124374390276293202631264454130002783
323124374390276293202631264454130002939
323124374390276293202631264454130003017
323124374390276293202631264454130003089
323124374390276293202631264454130003267
323124374390276293202631264454130003269
323124374390276293202631264454130003387
323124374390276293202631264454130003509
323124374390276293202631264454130003519
323124374390276293202631264454130003563
323124374390276293202631264454130003597
323124374390276293202631264454130003609
323124374390276293202631264454130003633
323124374390276293202631264454130003771
323124374390276293202631264454130003803
323124374390276293202631264454130003819
323124374390276293202631264454130003899
323124374390276293202631264454130003903
323124374390276293202631264454130003927
323124374390276293202631264454130004133
323124374390276293202631264454130004163
323124374390276293202631264454130004667
323124374390276293202631264454130004737
323124374390276293202631264454130004869
323124374390276293202631264454130004911
323124374390276293202631264454130004923
323124374390276293202631264454130004989
323124374390276293202631264454130004997
323124374390276293202631264454130005039
323124374390276293202631264454130005051
323124374390276293202631264454130005061
323124374390276293202631264454130005067
323124374390276293202631264454130005093
323124374390276293202631264454130005169
323124374390276293202631264454130005171
323124374390276293202631264454130005217
323124374390276293202631264454130005297
323124374390276293202631264454130005417
323124374390276293202631264454130005451
323124374390276293202631264454130005469
323124374390276293202631264454130005483
323124374390276293202631264454130005687
323124374390276293202631264454130005703
323124374390276293202631264454130005781
323124374390276293202631264454130005807
323124374390276293202631264454130005871
323124374390276293202631264454130005949
323124374390276293202631264454130005981
323124374390276293202631264454130006059
323124374390276293202631264454130006323
323124374390276293202631264454130006477
323124374390276293202631264454130006479
323124374390276293202631264454130006633
323124374390276293202631264454130006689
323124374390276293202631264454130006761
323124374390276293202631264454130006827
323124374390276293202631264454130006839
323124374390276293202631264454130006863
323124374390276293202631264454130006929
323124374390276293202631264454130007097
323124374390276293202631264454130007179
323124374390276293202631264454130007251
323124374390276293202631264454130007353
323124374390276293202631264454130007401
323124374390276293202631264454130007521
323124374390276293202631264454130007599
323124374390276293202631264454130007691
323124374390276293202631264454130008021
323124374390276293202631264454130008273
323124374390276293202631264454130008391
323124374390276293202631264454130008421
323124374390276293202631264454130008423
323124374390276293202631264454130008477
323124374390276293202631264454130008537
323124374390276293202631264454130008577
323124374390276293202631264454130008729
323124374390276293202631264454130008861
323124374390276293202631264454130008943
323124374390276293202631264454130009081
323124374390276293202631264454130009089
323124374390276293202631264454130009279
323124374390276293202631264454130009281
323124374390276293202631264454130009303
323124374390276293202631264454130009471
323124374390276293202631264454130009621
323124374390276293202631264454130009957
323124374390276293202631264454130010037
323124374390276293202631264454130010107
323124374390276293202631264454130010131
323124374390276293202631264454130010139
323124374390276293202631264454130010233
323124374390276293202631264454130010299
323124374390276293202631264454130010493
323124374390276293202631264454130010503
323124374390276293202631264454130010511
323124374390276293202631264454130010563
323124374390276293202631264454130010659
323124374390276293202631264454130010721
323124374390276293202631264454130010871
323124374390276293202631264454130010941
323124374390276293202631264454130011111
323124374390276293202631264454130011231
323124374390276293202631264454130011273
323124374390276293202631264454130011349
323124374390276293202631264454130011493
323124374390276293202631264454130011501
323124374390276293202631264454130011513
323124374390276293202631264454130011571
323124374390276293202631264454130011769
323124374390276293202631264454130011799
323124374390276293202631264454130011849
323124374390276293202631264454130012053
323124374390276293202631264454130012249
323124374390276293202631264454130012267
323124374390276293202631264454130012341
323124374390276293202631264454130012381
323124374390276293202631264454130012501
323124374390276293202631264454130012561
323124374390276293202631264454130012567
323124374390276293202631264454130012663
323124374390276293202631264454130012743
323124374390276293202631264454130012747
323124374390276293202631264454130012789
323124374390276293202631264454130012821
323124374390276293202631264454130012897
323124374390276293202631264454130012987
323124374390276293202631264454130013241
323124374390276293202631264454130013367
323124374390276293202631264454130013389
323124374390276293202631264454130013601
323124374390276293202631264454130013667
323124374390276293202631264454130013767
323124374390276293202631264454130013803
323124374390276293202631264454130013997
323124374390276293202631264454130014147
323124374390276293202631264454130014187
323124374390276293202631264454130014241
323124374390276293202631264454130014279
323124374390276293202631264454130014313
323124374390276293202631264454130014417
323124374390276293202631264454130014433
323124374390276293202631264454130014439
323124374390276293202631264454130014567
323124374390276293202631264454130014591
323124374390276293202631264454130014691
323124374390276293202631264454130014723
323124374390276293202631264454130014759
323124374390276293202631264454130014783
323124374390276293202631264454130014819
323124374390276293202631264454130014829
323124374390276293202631264454130014933
323124374390276293202631264454130014951
323124374390276293202631264454130015083
323124374390276293202631264454130015167
323124374390276293202631264454130015209
323124374390276293202631264454130015231
323124374390276293202631264454130015473
323124374390276293202631264454130015743
323124374390276293202631264454130015953
323124374390276293202631264454130016013
323124374390276293202631264454130016023
323124374390276293202631264454130016049
323124374390276293202631264454130016077
323124374390276293202631264454130016293
323124374390276293202631264454130016403
323124374390276293202631264454130016407
323124374390276293202631264454130016587
323124374390276293202631264454130016607
323124374390276293202631264454130016629
323124374390276293202631264454130016637
323124374390276293202631264454130016641
323124374390276293202631264454130016643
323124374390276293202631264454130016697
323124374390276293202631264454130016739
323124374390276293202631264454130016743
323124374390276293202631264454130016949
323124374390276293202631264454130017007
323124374390276293202631264454130017031
323124374390276293202631264454130017051
323124374390276293202631264454130017061
323124374390276293202631264454130017159
323124374390276293202631264454130017189
323124374390276293202631264454130017321
323124374390276293202631264454130017447
323124374390276293202631264454130017471
323124374390276293202631264454130017493
323124374390276293202631264454130017519
323124374390276293202631264454130017547
323124374390276293202631264454130017759
323124374390276293202631264454130017807
323124374390276293202631264454130017871
323124374390276293202631264454130018009
323124374390276293202631264454130018027
323124374390276293202631264454130018119
323124374390276293202631264454130018129
323124374390276293202631264454130018219
323124374390276293202631264454130018281
323124374390276293202631264454130018423
323124374390276293202631264454130018533
323124374390276293202631264454130018641
323124374390276293202631264454130018749
323124374390276293202631264454130018863
323124374390276293202631264454130018879
323124374390276293202631264454130018969
323124374390276293202631264454130018987
323124374390276293202631264454130019037
323124374390276293202631264454130019143
323124374390276293202631264454130019151
323124374390276293202631264454130019281
323124374390276293202631264454130019389
323124374390276293202631264454130019469
323124374390276293202631264454130019581
323124374390276293202631264454130019871
323124374390276293202631264454130019893
323124374390276293202631264454130019919
323124374390276293202631264454130019989
323124374390276293202631264454130020139
323124374390276293202631264454130020193
323124374390276293202631264454130020253
323124374390276293202631264454130020313
323124374390276293202631264454130020349
323124374390276293202631264454130020451
323124374390276293202631264454130020979
323124374390276293202631264454130020997
323124374390276293202631264454130021041
323124374390276293202631264454130021401
323124374390276293202631264454130021417
323124374390276293202631264454130021423
323124374390276293202631264454130021453
323124374390276293202631264454130021549
323124374390276293202631264454130021723
323124374390276293202631264454130021957
323124374390276293202631264454130022001
323124374390276293202631264454130022013
323124374390276293202631264454130022047
323124374390276293202631264454130022053
323124374390276293202631264454130022193
323124374390276293202631264454130022223
323124374390276293202631264454130022259
323124374390276293202631264454130022281
323124374390276293202631264454130022409
323124374390276293202631264454130022437
323124374390276293202631264454130022473
323124374390276293202631264454130022481
323124374390276293202631264454130022559
323124374390276293202631264454130022613
323124374390276293202631264454130022679
323124374390276293202631264454130022923
323124374390276293202631264454130022971
323124374390276293202631264454130023111
323124374390276293202631264454130023123
323124374390276293202631264454130023219
323124374390276293202631264454130023399
323124374390276293202631264454130023477
323124374390276293202631264454130023529
323124374390276293202631264454130023613
323124374390276293202631264454130023909
323124374390276293202631264454130023943
323124374390276293202631264454130024047
323124374390276293202631264454130024077
323124374390276293202631264454130024099
323124374390276293202631264454130024213
323124374390276293202631264454130024231
323124374390276293202631264454130024311
323124374390276293202631264454130024327
323124374390276293202631264454130024447
323124374390276293202631264454130024471
323124374390276293202631264454130024483
323124374390276293202631264454130024489
323124374390276293202631264454130024591
323124374390276293202631264454130024689
323124374390276293202631264454130024849
323124374390276293202631264454130024861
323124374390276293202631264454130024911
323124374390276293202631264454130024939
323124374390276293202631264454130024989
323124374390276293202631264454130025097
323124374390276293202631264454130025221
323124374390276293202631264454130025277
323124374390276293202631264454130025443
323124374390276293202631264454130025553
323124374390276293202631264454130025701
323124374390276293202631264454130025871
323124374390276293202631264454130025947
323124374390276293202631264454130026007
323124374390276293202631264454130026021
323124374390276293202631264454130026273
323124374390276293202631264454130026373
323124374390276293202631264454130026429
323124374390276293202631264454130026523
323124374390276293202631264454130026663
323124374390276293202631264454130026711
323124374390276293202631264454130026717
323124374390276293202631264454130026787
323124374390276293202631264454130027059
323124374390276293202631264454130027113
323124374390276293202631264454130027143
323124374390276293202631264454130027173
323124374390276293202631264454130027333
323124374390276293202631264454130027461
323124374390276293202631264454130027561
323124374390276293202631264454130027633
323124374390276293202631264454130027741
323124374390276293202631264454130027759
323124374390276293202631264454130027789
323124374390276293202631264454130027797
323124374390276293202631264454130027921
323124374390276293202631264454130028059
323124374390276293202631264454130028217
323124374390276293202631264454130028469
323124374390276293202631264454130028583
323124374390276293202631264454130028601
323124374390276293202631264454130028719
323124374390276293202631264454130028937
323124374390276293202631264454130028971
323124374390276293202631264454130029019
323124374390276293202631264454130029091
323124374390276293202631264454130029111
323124374390276293202631264454130029153
323124374390276293202631264454130029273
323124374390276293202631264454130029301
323124374390276293202631264454130029343
323124374390276293202631264454130029439
323124374390276293202631264454130029657
323124374390276293202631264454130029813
323124374390276293202631264454130029819
323124374390276293202631264454130029903
323124374390276293202631264454130029969
323124374390276293202631264454130030083
323124374390276293202631264454130030099
323124374390276293202631264454130030179
323124374390276293202631264454130030251
323124374390276293202631264454130030371
323124374390276293202631264454130030413
323124374390276293202631264454130030887
323124374390276293202631264454130030893
323124374390276293202631264454130030911
323124374390276293202631264454130031199
323124374390276293202631264454130031209
323124374390276293202631264454130031229
323124374390276293202631264454130031251
323124374390276293202631264454130031257
323124374390276293202631264454130031287
323124374390276293202631264454130031311
323124374390276293202631264454130031353
323124374390276293202631264454130031379
323124374390276293202631264454130031503
323124374390276293202631264454130031511
323124374390276293202631264454130031797
323124374390276293202631264454130031859
323124374390276293202631264454130031869
323124374390276293202631264454130031901
323124374390276293202631264454130031961
323124374390276293202631264454130032127
323124374390276293202631264454130032139
323124374390276293202631264454130032309
323124374390276293202631264454130032339
323124374390276293202631264454130032423
323124374390276293202631264454130032591
323124374390276293202631264454130032643
323124374390276293202631264454130032727
323124374390276293202631264454130032967
323124374390276293202631264454130033011
323124374390276293202631264454130033089
323124374390276293202631264454130033273
323124374390276293202631264454130033327
323124374390276293202631264454130033341
323124374390276293202631264454130033431
323124374390276293202631264454130033501
323124374390276293202631264454130033659
323124374390276293202631264454130033723
323124374390276293202631264454130033821
323124374390276293202631264454130033897
323124374390276293202631264454130034187
323124374390276293202631264454130034433
323124374390276293202631264454130034509
323124374390276293202631264454130034541
323124374390276293202631264454130034641
323124374390276293202631264454130034647
323124374390276293202631264454130034757
323124374390276293202631264454130034997
323124374390276293202631264454130035301
323124374390276293202631264454130035459
323124374390276293202631264454130035723
323124374390276293202631264454130035807
323124374390276293202631264454130035889
323124374390276293202631264454130035987
323124374390276293202631264454130036137
323124374390276293202631264454130036269
323124374390276293202631264454130036389
323124374390276293202631264454130036419
323124374390276293202631264454130036501
323124374390276293202631264454130036531
323124374390276293202631264454130036629
323124374390276293202631264454130036701
323124374390276293202631264454130037011
323124374390276293202631264454130037079
323124374390276293202631264454130037229
323124374390276293202631264454130037271
323124374390276293202631264454130037287
323124374390276293202631264454130037301
323124374390276293202631264454130037641
323124374390276293202631264454130037643
323124374390276293202631264454130037707
323124374390276293202631264454130037739
323124374390276293202631264454130037793
323124374390276293202631264454130037803
323124374390276293202631264454130037863
323124374390276293202631264454130037973
323124374390276293202631264454130038079
323124374390276293202631264454130038171
323124374390276293202631264454130038219
323124374390276293202631264454130038241
323124374390276293202631264454130038253
323124374390276293202631264454130038327
323124374390276293202631264454130038469
323124374390276293202631264454130038619
323124374390276293202631264454130038643
323124374390276293202631264454130038663
323124374390276293202631264454130038891
323124374390276293202631264454130039009
323124374390276293202631264454130039161
323124374390276293202631264454130039177
323124374390276293202631264454130039183
323124374390276293202631264454130039291
323124374390276293202631264454130039339
323124374390276293202631264454130039357
323124374390276293202631264454130039449
323124374390276293202631264454130039653
323124374390276293202631264454130039669
323124374390276293202631264454130039797
323124374390276293202631264454130039807
323124374390276293202631264454130039867
323124374390276293202631264454130039891
323124374390276293202631264454130040023
323124374390276293202631264454130040089
323124374390276293202631264454130040257
323124374390276293202631264454130040323
323124374390276293202631264454130040373
323124374390276293202631264454130040577
323124374390276293202631264454130040581
323124374390276293202631264454130040599
323124374390276293202631264454130040659
323124374390276293202631264454130040673
323124374390276293202631264454130040709
323124374390276293202631264454130040721
323124374390276293202631264454130040749
323124374390276293202631264454130040911
323124374390276293202631264454130040943
323124374390276293202631264454130041079
323124374390276293202631264454130041103
323124374390276293202631264454130041123
323124374390276293202631264454130041373
323124374390276293202631264454130041387
323124374390276293202631264454130041601
323124374390276293202631264454130041603
323124374390276293202631264454130041711
323124374390276293202631264454130041807
323124374390276293202631264454130041873
323124374390276293202631264454130041891
323124374390276293202631264454130041921
323124374390276293202631264454130042203
323124374390276293202631264454130042219
323124374390276293202631264454130042291
323124374390276293202631264454130042461
323124374390276293202631264454130042539
323124374390276293202631264454130042597
323124374390276293202631264454130042749
323124374390276293202631264454130042809
323124374390276293202631264454130042879
323124374390276293202631264454130043103
323124374390276293202631264454130043131
323124374390276293202631264454130043257
323124374390276293202631264454130043271
323124374390276293202631264454130043337
323124374390276293202631264454130043413
323124374390276293202631264454130043629
323124374390276293202631264454130043637
323124374390276293202631264454130043679
323124374390276293202631264454130043803
323124374390276293202631264454130043829
323124374390276293202631264454130043869
323124374390276293202631264454130044013
323124374390276293202631264454130044069
323124374390276293202631264454130044223
323124374390276293202631264454130044243
323124374390276293202631264454130044313
323124374390276293202631264454130044427
323124374390276293202631264454130044537
323124374390276293202631264454130044541
323124374390276293202631264454130044559
323124374390276293202631264454130044673
323124374390276293202631264454130044699
323124374390276293202631264454130044883
323124374390276293202631264454130044919
323124374390276293202631264454130044973
323124374390276293202631264454130045059
323124374390276293202631264454130045119
323124374390276293202631264454130045293
323124374390276293202631264454130045317
323124374390276293202631264454130045323
323124374390276293202631264454130045647
323124374390276293202631264454130045779
323124374390276293202631264454130045833
323124374390276293202631264454130046367
323124374390276293202631264454130046401
323124374390276293202631264454130046521
323124374390276293202631264454130046571
323124374390276293202631264454130046667
323124374390276293202631264454130046673
323124374390276293202631264454130046709
323124374390276293202631264454130046883
323124374390276293202631264454130046949
323124374390276293202631264454130047057
323124374390276293202631264454130047087
323124374390276293202631264454130047109
323124374390276293202631264454130047127
323124374390276293202631264454130047207
323124374390276293202631264454130047247
323124374390276293202631264454130047453
323124374390276293202631264454130047663
323124374390276293202631264454130047687
323124374390276293202631264454130047691
323124374390276293202631264454130047693
323124374390276293202631264454130047697
323124374390276293202631264454130047751
323124374390276293202631264454130047781
323124374390276293202631264454130047921
323124374390276293202631264454130048257
323124374390276293202631264454130048491
323124374390276293202631264454130048621
323124374390276293202631264454130048669
323124374390276293202631264454130048717
323124374390276293202631264454130048953
323124374390276293202631264454130049101
323124374390276293202631264454130049137
323124374390276293202631264454130049157
323124374390276293202631264454130049179
323124374390276293202631264454130049289
323124374390276293202631264454130049563
323124374390276293202631264454130049613
323124374390276293202631264454130049773
323124374390276293202631264454130049833
323124374390276293202631264454130049847
323124374390276293202631264454130049863
323124374390276293202631264454130049881
323124374390276293202631264454130049919
323124374390276293202631264454130049937
323124374390276293202631264454130050013
323124374390276293202631264454130050111
323124374390276293202631264454130050123
323124374390276293202631264454130050207
323124374390276293202631264454130050309
323124374390276293202631264454130050327
323124374390276293202631264454130050357
323124374390276293202631264454130050609
323124374390276293202631264454130050613
323124374390276293202631264454130050697
323124374390276293202631264454130050699
323124374390276293202631264454130050823
323124374390276293202631264454130050853
323124374390276293202631264454130051051
323124374390276293202631264454130051201
323124374390276293202631264454130051273
323124374390276293202631264454130051327
323124374390276293202631264454130051459
323124374390276293202631264454130051509
323124374390276293202631264454130051597
323124374390276293202631264454130051603
323124374390276293202631264454130051729
323124374390276293202631264454130051867
323124374390276293202631264454130051921
323124374390276293202631264454130051947
323124374390276293202631264454130052073
323124374390276293202631264454130052317
323124374390276293202631264454130052439
323124374390276293202631264454130052499
323124374390276293202631264454130052647
323124374390276293202631264454130052659
323124374390276293202631264454130052689
323124374390276293202631264454130052703
323124374390276293202631264454130052719
323124374390276293202631264454130052721
323124374390276293202631264454130052769
323124374390276293202631264454130053037
323124374390276293202631264454130053039
323124374390276293202631264454130053169
323124374390276293202631264454130053249
323124374390276293202631264454130053267
323124374390276293202631264454130053301
323124374390276293202631264454130053361
323124374390276293202631264454130053477
323124374390276293202631264454130053637
323124374390276293202631264454130053853
323124374390276293202631264454130054057
323124374390276293202631264454130054173
323124374390276293202631264454130054239
323124374390276293202631264454130054249
323124374390276293202631264454130054551
323124374390276293202631264454130054581
323124374390276293202631264454130054591
323124374390276293202631264454130054687
323124374390276293202631264454130054759
323124374390276293202631264454130054761
323124374390276293202631264454130054803
323124374390276293202631264454130054849
323124374390276293202631264454130054891
323124374390276293202631264454130054929
323124374390276293202631264454130055023
323124374390276293202631264454130055089
323124374390276293202631264454130055097
323124374390276293202631264454130055233
323124374390276293202631264454130055311
323124374390276293202631264454130055319
323124374390276293202631264454130055347
323124374390276293202631264454130055397
323124374390276293202631264454130055853
323124374390276293202631264454130055971
323124374390276293202631264454130056039
323124374390276293202631264454130056103
323124374390276293202631264454130056277
323124374390276293202631264454130056321
323124374390276293202631264454130056333
323124374390276293202631264454130056507
323124374390276293202631264454130056559
323124374390276293202631264454130056741
323124374390276293202631264454130056927
323124374390276293202631264454130057189
323124374390276293202631264454130057213
323124374390276293202631264454130057453
323124374390276293202631264454130057477
323124374390276293202631264454130057539
323124374390276293202631264454130057647
323124374390276293202631264454130057659
323124374390276293202631264454130057687
323124374390276293202631264454130057777
323124374390276293202631264454130057797
323124374390276293202631264454130057873
323124374390276293202631264454130057921
323124374390276293202631264454130057981
323124374390276293202631264454130058013
323124374390276293202631264454130058089
323124374390276293202631264454130058091
323124374390276293202631264454130058131
323124374390276293202631264454130058191
323124374390276293202631264454130058317
323124374390276293202631264454130058343
323124374390276293202631264454130058383
323124374390276293202631264454130058559
323124374390276293202631264454130058673
323124374390276293202631264454130058727
323124374390276293202631264454130058803
323124374390276293202631264454130058907
323124374390276293202631264454130058917
323124374390276293202631264454130058929
323124374390276293202631264454130058977
323124374390276293202631264454130059007
323124374390276293202631264454130059027
323124374390276293202631264454130059049
323124374390276293202631264454130059093
323124374390276293202631264454130059171
323124374390276293202631264454130059177
323124374390276293202631264454130059253
323124374390276293202631264454130059259
323124374390276293202631264454130059373
323124374390276293202631264454130059489
323124374390276293202631264454130059507
323124374390276293202631264454130059553
323124374390276293202631264454130059643
323124374390276293202631264454130059663
323124374390276293202631264454130059831
323124374390276293202631264454130059913
323124374390276293202631264454130060003
323124374390276293202631264454130060039
323124374390276293202631264454130060153
323124374390276293202631264454130060297
323124374390276293202631264454130060429
323124374390276293202631264454130060477
323124374390276293202631264454130060563
323124374390276293202631264454130060657
323124374390276293202631264454130060953
323124374390276293202631264454130060983
323124374390276293202631264454130061019
323124374390276293202631264454130061031
323124374390276293202631264454130061079
323124374390276293202631264454130061161
323124374390276293202631264454130061253
323124374390276293202631264454130061443
323124374390276293202631264454130061563
323124374390276293202631264454130061569
323124374390276293202631264454130061677
323124374390276293202631264454130061809
323124374390276293202631264454130061863
323124374390276293202631264454130061877
323124374390276293202631264454130061907
323124374390276293202631264454130061971
323124374390276293202631264454130062109
323124374390276293202631264454130062249
323124374390276293202631264454130062397
323124374390276293202631264454130062447
323124374390276293202631264454130062529
323124374390276293202631264454130062531
323124374390276293202631264454130062639
323124374390276293202631264454130062681
323124374390276293202631264454130062859
323124374390276293202631264454130062937
323124374390276293202631264454130063021
323124374390276293202631264454130063069
323124374390276293202631264454130063167
323124374390276293202631264454130063171
323124374390276293202631264454130063203
323124374390276293202631264454130063333
323124374390276293202631264454130063371
323124374390276293202631264454130063443
323124374390276293202631264454130063447
323124374390276293202631264454130063587
323124374390276293202631264454130063597
323124374390276293202631264454130063663
323124374390276293202631264454130063713
323124374390276293202631264454130063779
323124374390276293202631264454130063993
323124374390276293202631264454130064031
323124374390276293202631264454130064131
323124374390276293202631264454130064221
323124374390276293202631264454130064301
323124374390276293202631264454130064529
323124374390276293202631264454130064631
323124374390276293202631264454130064847
323124374390276293202631264454130065117
323124374390276293202631264454130065187
323124374390276293202631264454130065303
323124374390276293202631264454130065379
323124374390276293202631264454130065669
323124374390276293202631264454130065681
323124374390276293202631264454130065733
323124374390276293202631264454130065753
323124374390276293202631264454130065813
323124374390276293202631264454130066113
323124374390276293202631264454130066197
323124374390276293202631264454130066243
323124374390276293202631264454130066369
323124374390276293202631264454130066377
323124374390276293202631264454130066603
323124374390276293202631264454130066611
323124374390276293202631264454130066657
323124374390276293202631264454130066707
323124374390276293202631264454130066759
323124374390276293202631264454130066867
323124374390276293202631264454130067001
323124374390276293202631264454130067073
323124374390276293202631264454130067079
323124374390276293202631264454130067113
323124374390276293202631264454130067211
323124374390276293202631264454130067241
323124374390276293202631264454130067253
323124374390276293202631264454130067389
323124374390276293202631264454130067493
323124374390276293202631264454130067517
323124374390276293202631264454130067629
323124374390276293202631264454130067883
323124374390276293202631264454130068073
323124374390276293202631264454130068109
323124374390276293202631264454130068249
323124374390276293202631264454130068271
323124374390276293202631264454130068291
323124374390276293202631264454130068337
323124374390276293202631264454130068627
323124374390276293202631264454130068663
323124374390276293202631264454130068691
323124374390276293202631264454130068793
323124374390276293202631264454130068799
323124374390276293202631264454130069023
323124374390276293202631264454130069123
323124374390276293202631264454130069153
323124374390276293202631264454130069243
323124374390276293202631264454130069251
323124374390276293202631264454130069297
323124374390276293202631264454130069333
323124374390276293202631264454130069377
323124374390276293202631264454130069521
323124374390276293202631264454130069593
323124374390276293202631264454130069603
323124374390276293202631264454130069681
323124374390276293202631264454130069773
323124374390276293202631264454130069921
323124374390276293202631264454130069929
323124374390276293202631264454130070007
323124374390276293202631264454130070017
323124374390276293202631264454130070091
323124374390276293202631264454130070199
323124374390276293202631264454130070389
323124374390276293202631264454130070467
323124374390276293202631264454130070593
323124374390276293202631264454130070649
323124374390276293202631264454130070707
323124374390276293202631264454130070763
323124374390276293202631264454130070997
323124374390276293202631264454130071133
323124374390276293202631264454130071213
323124374390276293202631264454130071217
323124374390276293202631264454130071259
323124374390276293202631264454130072149
323124374390276293202631264454130072209
323124374390276293202631264454130072249
323124374390276293202631264454130072363
323124374390276293202631264454130072383
323124374390276293202631264454130072561
323124374390276293202631264454130072831
323124374390276293202631264454130073047
323124374390276293202631264454130073173
323124374390276293202631264454130073191
323124374390276293202631264454130073247
323124374390276293202631264454130073307
323124374390276293202631264454130073323
323124374390276293202631264454130073481
323124374390276293202631264454130073763
323124374390276293202631264454130073953
323124374390276293202631264454130074079
323124374390276293202631264454130074093
323124374390276293202631264454130074307
323124374390276293202631264454130074363
323124374390276293202631264454130074409
323124374390276293202631264454130074459
323124374390276293202631264454130074477
323124374390276293202631264454130074633
323124374390276293202631264454130074783
323124374390276293202631264454130074811
323124374390276293202631264454130074819
323124374390276293202631264454130075227
323124374390276293202631264454130075287
323124374390276293202631264454130075479
323124374390276293202631264454130075549
323124374390276293202631264454130075551
323124374390276293202631264454130075569
323124374390276293202631264454130075611
323124374390276293202631264454130075641
323124374390276293202631264454130075747
323124374390276293202631264454130076067
323124374390276293202631264454130076073
323124374390276293202631264454130076097
323124374390276293202631264454130076247
323124374390276293202631264454130076383
323124374390276293202631264454130076391
323124374390276293202631264454130076463
323124374390276293202631264454130076703
323124374390276293202631264454130076781
323124374390276293202631264454130076979
323124374390276293202631264454130077003
323124374390276293202631264454130077027
323124374390276293202631264454130077063
323124374390276293202631264454130077327
323124374390276293202631264454130077447
323124374390276293202631264454130077709
323124374390276293202631264454130078041
323124374390276293202631264454130078189
323124374390276293202631264454130078413
323124374390276293202631264454130078419
323124374390276293202631264454130078501
323124374390276293202631264454130078581
323124374390276293202631264454130078717
323124374390276293202631264454130078813
323124374390276293202631264454130078851
323124374390276293202631264454130078867
323124374390276293202631264454130078879
323124374390276293202631264454130078941
323124374390276293202631264454130079041
323124374390276293202631264454130079587
323124374390276293202631264454130079659
323124374390276293202631264454130079671
323124374390276293202631264454130079697
323124374390276293202631264454130079841
323124374390276293202631264454130079847
323124374390276293202631264454130079917
323124374390276293202631264454130079989
323124374390276293202631264454130080021
323124374390276293202631264454130080297
323124374390276293202631264454130080331
323124374390276293202631264454130080339
323124374390276293202631264454130080463
323124374390276293202631264454130080519
323124374390276293202631264454130080573
323124374390276293202631264454130080691
323124374390276293202631264454130080699
323124374390276293202631264454130080757
323124374390276293202631264454130080841
323124374390276293202631264454130080877
323124374390276293202631264454130080913
323124374390276293202631264454130081081
323124374390276293202631264454130081237
323124374390276293202631264454130081317
323124374390276293202631264454130081329
323124374390276293202631264454130081447
323124374390276293202631264454130081527
323124374390276293202631264454130081633
323124374390276293202631264454130081753
323124374390276293202631264454130081759
323124374390276293202631264454130081827
323124374390276293202631264454130081849
323124374390276293202631264454130081867
323124374390276293202631264454130081933
323124374390276293202631264454130082103
323124374390276293202631264454130082137
323124374390276293202631264454130082193
323124374390276293202631264454130082347
323124374390276293202631264454130082409
323124374390276293202631264454130082703
323124374390276293202631264454130082947
323124374390276293202631264454130082967
323124374390276293202631264454130082997
323124374390276293202631264454130083061
323124374390276293202631264454130083181
323124374390276293202631264454130083243
323124374390276293202631264454130083309
323124374390276293202631264454130083319
323124374390276293202631264454130083477
323124374390276293202631264454130083583
323124374390276293202631264454130083603
323124374390276293202631264454130083639
323124374390276293202631264454130083661
323124374390276293202631264454130083799
323124374390276293202631264454130083943
323124374390276293202631264454130083957
323124374390276293202631264454130084443
323124374390276293202631264454130084557
323124374390276293202631264454130084569
323124374390276293202631264454130084629
323124374390276293202631264454130084681
323124374390276293202631264454130084863
323124374390276293202631264454130084893
323124374390276293202631264454130085019
323124374390276293202631264454130085113
323124374390276293202631264454130085167
323124374390276293202631264454130085277
323124374390276293202631264454130085449
323124374390276293202631264454130085469
323124374390276293202631264454130085547
323124374390276293202631264454130085559
323124374390276293202631264454130085697
323124374390276293202631264454130085721
323124374390276293202631264454130085781
323124374390276293202631264454130085899
323124374390276293202631264454130086151
323124374390276293202631264454130086243
323124374390276293202631264454130086337
323124374390276293202631264454130086553
323124374390276293202631264454130086603
323124374390276293202631264454130086639
323124374390276293202631264454130086763
323124374390276293202631264454130086769
323124374390276293202631264454130086771
323124374390276293202631264454130086873
323124374390276293202631264454130086879
323124374390276293202631264454130086973
323124374390276293202631264454130086979
323124374390276293202631264454130087027
323124374390276293202631264454130087051
323124374390276293202631264454130087191
323124374390276293202631264454130087297
323124374390276293202631264454130087327
323124374390276293202631264454130087339
323124374390276293202631264454130087383
323124374390276293202631264454130087587
323124374390276293202631264454130087723
323124374390276293202631264454130087749
323124374390276293202631264454130087827
323124374390276293202631264454130088011
323124374390276293202631264454130088031
323124374390276293202631264454130088137
323124374390276293202631264454130088233
323124374390276293202631264454130088241
323124374390276293202631264454130088361
323124374390276293202631264454130088407
323124374390276293202631264454130088581
323124374390276293202631264454130088683
323124374390276293202631264454130088739
323124374390276293202631264454130088793
323124374390276293202631264454130088799
323124374390276293202631264454130088881
323124374390276293202631264454130089003
323124374390276293202631264454130089051
323124374390276293202631264454130089109
323124374390276293202631264454130089301
323124374390276293202631264454130089337
323124374390276293202631264454130089339
323124374390276293202631264454130089367
323124374390276293202631264454130089387
323124374390276293202631264454130089441
323124374390276293202631264454130089457
323124374390276293202631264454130089661
323124374390276293202631264454130089721
323124374390276293202631264454130089831
323124374390276293202631264454130089861
323124374390276293202631264454130090009
323124374390276293202631264454130090027
323124374390276293202631264454130090129
323124374390276293202631264454130090141
323124374390276293202631264454130090167
323124374390276293202631264454130090197
323124374390276293202631264454130090221
323124374390276293202631264454130090333
323124374390276293202631264454130090389
323124374390276293202631264454130090423
323124374390276293202631264454130090683
323124374390276293202631264454130090689
323124374390276293202631264454130090713
323124374390276293202631264454130090761
323124374390276293202631264454130090783
323124374390276293202631264454130090839
323124374390276293202631264454130090911
323124374390276293202631264454130090947
323124374390276293202631264454130091079
323124374390276293202631264454130091199
323124374390276293202631264454130091221
323124374390276293202631264454130091247
323124374390276293202631264454130091251
323124374390276293202631264454130091311
323124374390276293202631264454130091419
323124374390276293202631264454130091431
323124374390276293202631264454130091587
323124374390276293202631264454130091737
323124374390276293202631264454130091751
323124374390276293202631264454130091773
323124374390276293202631264454130091809
323124374390276293202631264454130091871
323124374390276293202631264454130091919
323124374390276293202631264454130092003
323124374390276293202631264454130092091
323124374390276293202631264454130092171
323124374390276293202631264454130092193
323124374390276293202631264454130092313
323124374390276293202631264454130092339
323124374390276293202631264454130092399
323124374390276293202631264454130092489
323124374390276293202631264454130092577
323124374390276293202631264454130092603
323124374390276293202631264454130092609
323124374390276293202631264454130092931
323124374390276293202631264454130092997
323124374390276293202631264454130093033
323124374390276293202631264454130093099
323124374390276293202631264454130093197
323124374390276293202631264454130093231
323124374390276293202631264454130093287
323124374390276293202631264454130093371
323124374390276293202631264454130093443
323124374390276293202631264454130093489
323124374390276293202631264454130093569
323124374390276293202631264454130093639
323124374390276293202631264454130093681
323124374390276293202631264454130093747
323124374390276293202631264454130093869
323124374390276293202631264454130094107
323124374390276293202631264454130094247
323124374390276293202631264454130094257
323124374390276293202631264454130094301
323124374390276293202631264454130094371
323124374390276293202631264454130094377
323124374390276293202631264454130094401
323124374390276293202631264454130094509
323124374390276293202631264454130094587
323124374390276293202631264454130094623
323124374390276293202631264454130094643
323124374390276293202631264454130094847
323124374390276293202631264454130094961
323124374390276293202631264454130095151
323124374390276293202631264454130095241
323124374390276293202631264454130095303
323124374390276293202631264454130095339
323124374390276293202631264454130095351
323124374390276293202631264454130095441
323124374390276293202631264454130095463
323124374390276293202631264454130095501
323124374390276293202631264454130095633
323124374390276293202631264454130095643
323124374390276293202631264454130095777
323124374390276293202631264454130096117
323124374390276293202631264454130096171
323124374390276293202631264454130096533
323124374390276293202631264454130096581
323124374390276293202631264454130096701
323124374390276293202631264454130096869
323124374390276293202631264454130097073
323124374390276293202631264454130097107
323124374390276293202631264454130097139
323124374390276293202631264454130097191
323124374390276293202631264454130097239
323124374390276293202631264454130097323
323124374390276293202631264454130097361
323124374390276293202631264454130097397
323124374390276293202631264454130097529
323124374390276293202631264454130097547
323124374390276293202631264454130097571
323124374390276293202631264454130097653
323124374390276293202631264454130097727
323124374390276293202631264454130097853
323124374390276293202631264454130097943
323124374390276293202631264454130097971
323124374390276293202631264454130097991
323124374390276293202631264454130098097
323124374390276293202631264454130098147
323124374390276293202631264454130098349
323124374390276293202631264454130098433
323124374390276293202631264454130098481
323124374390276293202631264454130098657
323124374390276293202631264454130098903
323124374390276293202631264454130099413
323124374390276293202631264454130099491
323124374390276293202631264454130099833
323124374390276293202631264454130099879
323124374390276293202631264454130100019
323124374390276293202631264454130100067
323124374390276293202631264454130100187
323124374390276293202631264454130100529
323124374390276293202631264454130100539
323124374390276293202631264454130100541
323124374390276293202631264454130100589
323124374390276293202631264454130100611
323124374390276293202631264454130100629
323124374390276293202631264454130100671
323124374390276293202631264454130100751
323124374390276293202631264454130100799
323124374390276293202631264454130100937
323124374390276293202631264454130100971
323124374390276293202631264454130101043
323124374390276293202631264454130101169
323124374390276293202631264454130101201
323124374390276293202631264454130101297
323124374390276293202631264454130101609
323124374390276293202631264454130101621
323124374390276293202631264454130101631
323124374390276293202631264454130101661
323124374390276293202631264454130101667
323124374390276293202631264454130101681
323124374390276293202631264454130101709
323124374390276293202631264454130101901
323124374390276293202631264454130101903
323124374390276293202631264454130101969
323124374390276293202631264454130101999
323124374390276293202631264454130102053
323124374390276293202631264454130102179
323124374390276293202631264454130102231
323124374390276293202631264454130102609
323124374390276293202631264454130102683
323124374390276293202631264454130102701
323124374390276293202631264454130102837
323124374390276293202631264454130103031
323124374390276293202631264454130103121
323124374390276293202631264454130103163
323124374390276293202631264454130103197
323124374390276293202631264454130103319
323124374390276293202631264454130103323
323124374390276293202631264454130103523
323124374390276293202631264454130103593
323124374390276293202631264454130103623
323124374390276293202631264454130103661
323124374390276293202631264454130103787
323124374390276293202631264454130103919
323124374390276293202631264454130104067
323124374390276293202631264454130104183
323124374390276293202631264454130104249
323124374390276293202631264454130104277
323124374390276293202631264454130104303
323124374390276293202631264454130104367
323124374390276293202631264454130104513
323124374390276293202631264454130104541
323124374390276293202631264454130104643
323124374390276293202631264454130104697
323124374390276293202631264454130104769
323124374390276293202631264454130104897
323124374390276293202631264454130105041
323124374390276293202631264454130105111
323124374390276293202631264454130105161
323124374390276293202631264454130105227
323124374390276293202631264454130105341
323124374390276293202631264454130105401
323124374390276293202631264454130105431
323124374390276293202631264454130105573
323124374390276293202631264454130105629
323124374390276293202631264454130105713
323124374390276293202631264454130105723
323124374390276293202631264454130105759
323124374390276293202631264454130105801
323124374390276293202631264454130105803
323124374390276293202631264454130105819
323124374390276293202631264454130105921
323124374390276293202631264454130105999
323124374390276293202631264454130106047
323124374390276293202631264454130106139
323124374390276293202631264454130106259
323124374390276293202631264454130106307
323124374390276293202631264454130106379
323124374390276293202631264454130106437
323124374390276293202631264454130106571
323124374390276293202631264454130106659
323124374390276293202631264454130106859
323124374390276293202631264454130106881
323124374390276293202631264454130106899
323124374390276293202631264454130107033
323124374390276293202631264454130107127
323124374390276293202631264454130107211
323124374390276293202631264454130107357
323124374390276293202631264454130107501
323124374390276293202631264454130107523
323124374390276293202631264454130107621
323124374390276293202631264454130107627
323124374390276293202631264454130107819
323124374390276293202631264454130107831
323124374390276293202631264454130107873
323124374390276293202631264454130107897
323124374390276293202631264454130108017
323124374390276293202631264454130108077
323124374390276293202631264454130108087
323124374390276293202631264454130108393
323124374390276293202631264454130108411
323124374390276293202631264454130108581
323124374390276293202631264454130108617
323124374390276293202631264454130108681
323124374390276293202631264454130108707
323124374390276293202631264454130108719
323124374390276293202631264454130109007
323124374390276293202631264454130109143
323124374390276293202631264454130109197
323124374390276293202631264454130109301
323124374390276293202631264454130109433
323124374390276293202631264454130109637
323124374390276293202631264454130109647
323124374390276293202631264454130109737
323124374390276293202631264454130109791
323124374390276293202631264454130109919
323124374390276293202631264454130109923
323124374390276293202631264454130109961
323124374390276293202631264454130110067
323124374390276293202631264454130110249
323124374390276293202631264454130110327
323124374390276293202631264454130110481
323124374390276293202631264454130110567
323124374390276293202631264454130110583
323124374390276293202631264454130110687
323124374390276293202631264454130110729
323124374390276293202631264454130110831
323124374390276293202631264454130111053
323124374390276293202631264454130111099
323124374390276293202631264454130111123
323124374390276293202631264454130111129
323124374390276293202631264454130111237
323124374390276293202631264454130111321
323124374390276293202631264454130111341
323124374390276293202631264454130111747
323124374390276293202631264454130111789
323124374390276293202631264454130111803
323124374390276293202631264454130111821
323124374390276293202631264454130112023
323124374390276293202631264454130112371
323124374390276293202631264454130112499
323124374390276293202631264454130112529
323124374390276293202631264454130112653
323124374390276293202631264454130112823
323124374390276293202631264454130112863
323124374390276293202631264454130112913
323124374390276293202631264454130113001
323124374390276293202631264454130113067
323124374390276293202631264454130113307
323124374390276293202631264454130113363
323124374390276293202631264454130113511
323124374390276293202631264454130113517
323124374390276293202631264454130113721
323124374390276293202631264454130113747
323124374390276293202631264454130113753
323124374390276293202631264454130113759
323124374390276293202631264454130113937
323124374390276293202631264454130113987
323124374390276293202631264454130114009
323124374390276293202631264454130114093
323124374390276293202631264454130114111
323124374390276293202631264454130114119
323124374390276293202631264454130114141
323124374390276293202631264454130114369
323124374390276293202631264454130114579
323124374390276293202631264454130114677
323124374390276293202631264454130114687
323124374390276293202631264454130114707
323124374390276293202631264454130114719
323124374390276293202631264454130114771
323124374390276293202631264454130114839
323124374390276293202631264454130114929
323124374390276293202631264454130114963
323124374390276293202631264454130115169
323124374390276293202631264454130115209
323124374390276293202631264454130115367
323124374390276293202631264454130115371
323124374390276293202631264454130115377
323124374390276293202631264454130115407
323124374390276293202631264454130115517
323124374390276293202631264454130115569
323124374390276293202631264454130115701
323124374390276293202631264454130115761
323124374390276293202631264454130115989
323124374390276293202631264454130116207
323124374390276293202631264454130116499
323124374390276293202631264454130116723
323124374390276293202631264454130116763
323124374390276293202631264454130116861
323124374390276293202631264454130116877
323124374390276293202631264454130117017
323124374390276293202631264454130117257
323124374390276293202631264454130117303
323124374390276293202631264454130117357
323124374390276293202631264454130117477
323124374390276293202631264454130117581
323124374390276293202631264454130117809
323124374390276293202631264454130117831
323124374390276293202631264454130117903
323124374390276293202631264454130118173
323124374390276293202631264454130118193
323124374390276293202631264454130118293
323124374390276293202631264454130118379
323124374390276293202631264454130118431
323124374390276293202631264454130118559
323124374390276293202631264454130118643
323124374390276293202631264454130118691
323124374390276293202631264454130118703
323124374390276293202631264454130118811
323124374390276293202631264454130118817
323124374390276293202631264454130118839
323124374390276293202631264454130118893
323124374390276293202631264454130119019
323124374390276293202631264454130119073
323124374390276293202631264454130119159
323124374390276293202631264454130119339
323124374390276293202631264454130119399
323124374390276293202631264454130119471
323124374390276293202631264454130119571
323124374390276293202631264454130119667
323124374390276293202631264454130120039
323124374390276293202631264454130120159
323124374390276293202631264454130120173
323124374390276293202631264454130120231
323124374390276293202631264454130120249
323124374390276293202631264454130120327
323124374390276293202631264454130120371
323124374390276293202631264454130120437
323124374390276293202631264454130120473
323124374390276293202631264454130120507
323124374390276293202631264454130120629
323124374390276293202631264454130120749
323124374390276293202631264454130120851
323124374390276293202631264454130120923
323124374390276293202631264454130121011
323124374390276293202631264454130121097
323124374390276293202631264454130121137
323124374390276293202631264454130121251
323124374390276293202631264454130121271
323124374390276293202631264454130121527
323124374390276293202631264454130121607
323124374390276293202631264454130121637
323124374390276293202631264454130121749
